#! FIELDS time d1
 0.000000 2.059267
 100.000000 1.843226
 200.000000 1.402224
 300.000000 1.806011
 400.000000 1.309779
 500.000000 2.157577
 600.000000 2.157293
 700.000000 2.027791
 800.000000 1.996842
 900.000000 2.042295
 1000.000000 2.386523
 1100.000000 2.228681
 1200.000000 2.272115
 1300.000000 1.621429
 1400.000000 1.731739
 1500.000000 1.520250
 1600.000000 0.923403
 1700.000000 0.490962
 1800.000000 0.417610
 1900.000000 0.699690
 2000.000000 0.571963
 2100.000000 0.816298
 2200.000000 1.265855
 2300.000000 1.618894
 2400.000000 1.928160
 2500.000000 0.582494
 2600.000000 1.805123
 2700.000000 1.572298
 2800.000000 1.063559
 2900.000000 1.898343
 3000.000000 1.929965
 3100.000000 1.734487
 3200.000000 2.164327
 3300.000000 1.971246
 3400.000000 1.009833
 3500.000000 1.006401
 3600.000000 1.193094
 3700.000000 2.127567
 3800.000000 2.148903
 3900.000000 2.000407
 4000.000000 2.222535
 4100.000000 2.202315
 4200.000000 1.900914
 4300.000000 2.070421
 4400.000000 0.739703
 4500.000000 1.680034
 4600.000000 0.549615
 4700.000000 0.749394
 4800.000000 1.452206
 4900.000000 1.419476
 5000.000000 1.136482
 5100.000000 1.416114
 5200.000000 1.278806
 5300.000000 1.182612
 5400.000000 0.489768
 5500.000000 0.566891
 5600.000000 0.750121
 5700.000000 1.180472
 5800.000000 2.169790
 5900.000000 1.551123
 6000.000000 1.570547
 6100.000000 1.748394
 6200.000000 1.307907
 6300.000000 2.321799
 6400.000000 1.116643
 6500.000000 1.342235
 6600.000000 1.817667
 6700.000000 0.655754
 6800.000000 1.285179
 6900.000000 0.559445
 7000.000000 1.635830
 7100.000000 1.233384
 7200.000000 1.817525
 7300.000000 1.656987
 7400.000000 1.847541
 7500.000000 1.793115
 7600.000000 1.622429
 7700.000000 1.443593
 7800.000000 1.284898
 7900.000000 1.571970
 8000.000000 1.253527
 8100.000000 0.821996
 8200.000000 1.567610
 8300.000000 1.703297
 8400.000000 1.209012
 8500.000000 1.453324
 8600.000000 1.187630
 8700.000000 2.150698
 8800.000000 2.133088
 8900.000000 1.832906
 9000.000000 1.595654
 9100.000000 0.949042
 9200.000000 1.545102
 9300.000000 1.637754
 9400.000000 1.874020
 9500.000000 1.463341
 9600.000000 1.218445
 9700.000000 1.582293
 9800.000000 0.926206
 9900.000000 0.721848
 10000.000000 2.130559
 10100.000000 1.650637
 10200.000000 1.837967
 10300.000000 1.034461
 10400.000000 1.240218
 10500.000000 2.176837
 10600.000000 1.914352
 10700.000000 1.758615
 10800.000000 0.957513
 10900.000000 1.335357
 11000.000000 1.918961
 11100.000000 1.611944
 11200.000000 1.691969
 11300.000000 2.067859
 11400.000000 2.041144
 11500.000000 1.980502
 11600.000000 2.106129
 11700.000000 1.415594
 11800.000000 1.419886
 11900.000000 1.887474
 12000.000000 2.273967
 12100.000000 1.755542
 12200.000000 2.220957
 12300.000000 2.442088
 12400.000000 2.357876
 12500.000000 2.232322
 12600.000000 2.042792
 12700.000000 1.980278
 12800.000000 1.947133
 12900.000000 1.999373
 13000.000000 2.131576
 13100.000000 1.927166
 13200.000000 1.657295
 13300.000000 2.032872
 13400.000000 2.095679
 13500.000000 1.415792
 13600.000000 1.029254
 13700.000000 1.661610
 13800.000000 1.407032
 13900.000000 2.065155
 14000.000000 2.155487
 14100.000000 1.819375
 14200.000000 1.674953
 14300.000000 1.871512
 14400.000000 1.368652
 14500.000000 1.519916
 14600.000000 1.184033
 14700.000000 1.285747
 14800.000000 0.867619
 14900.000000 1.505563
 15000.000000 1.563354
 15100.000000 1.448791
 15200.000000 1.570438
 15300.000000 1.495247
 15400.000000 1.744955
 15500.000000 1.498396
 15600.000000 1.840827
 15700.000000 1.648645
 15800.000000 1.158346
 15900.000000 2.141298
 16000.000000 1.427825
 16100.000000 1.465181
 16200.000000 1.616246
 16300.000000 1.490302
 16400.000000 1.493670
 16500.000000 2.088997
 16600.000000 2.190813
 16700.000000 2.235928
 16800.000000 1.996460
 16900.000000 2.149323
 17000.000000 1.840604
 17100.000000 1.286595
 17200.000000 1.439797
 17300.000000 1.904504
 17400.000000 2.078667
 17500.000000 1.903821
 17600.000000 1.707508
 17700.000000 2.220818
 17800.000000 1.028670
 17900.000000 1.334902
 18000.000000 1.780030
 18100.000000 1.492449
 18200.000000 0.912686
 18300.000000 1.329078
 18400.000000 1.384676
 18500.000000 1.837050
 18600.000000 1.905387
 18700.000000 1.913643
 18800.000000 1.780461
 18900.000000 2.089763
 19000.000000 1.733914
 19100.000000 1.145603
 19200.000000 1.046810
 19300.000000 1.836361
 19400.000000 2.116046
 19500.000000 2.371806
 19600.000000 1.881628
 19700.000000 2.112024
 19800.000000 0.708126
 19900.000000 0.950774
 20000.000000 1.943200
 20100.000000 1.638583
 20200.000000 1.163428
 20300.000000 1.247496
 20400.000000 1.094416
 20500.000000 0.956152
 20600.000000 1.675442
 20700.000000 2.170317
 20800.000000 2.002418
 20900.000000 2.172837
 21000.000000 1.788157
 21100.000000 1.739371
 21200.000000 1.452308
 21300.000000 1.291034
 21400.000000 1.555292
 21500.000000 1.422951
 21600.000000 1.827976
 21700.000000 0.799971
 21800.000000 0.599006
 21900.000000 0.373617
 22000.000000 0.527932
 22100.000000 0.740091
 22200.000000 0.679877
 22300.000000 0.760829
 22400.000000 0.697541
 22500.000000 0.624178
 22600.000000 0.562118
 22700.000000 0.355112
 22800.000000 1.048337
 22900.000000 1.471025
 23000.000000 1.506921
 23100.000000 1.208814
 23200.000000 1.209033
 23300.000000 1.554966
 23400.000000 1.666889
 23500.000000 2.092853
 23600.000000 1.919569
 23700.000000 2.128978
 23800.000000 1.906049
 23900.000000 2.068617
 24000.000000 1.819986
 24100.000000 1.747176
 24200.000000 1.644897
 24300.000000 0.968289
 24400.000000 2.073637
 24500.000000 1.722355
 24600.000000 1.772588
 24700.000000 1.763613
 24800.000000 1.176395
 24900.000000 1.264054
 25000.000000 1.490003
 25100.000000 1.996876
 25200.000000 1.258169
 25300.000000 1.608486
 25400.000000 1.688768
 25500.000000 1.131231
 25600.000000 1.343961
 25700.000000 1.918353
 25800.000000 2.299276
 25900.000000 1.684707
 26000.000000 1.927012
 26100.000000 1.155922
 26200.000000 0.792915
 26300.000000 1.808231
 26400.000000 1.966195
 26500.000000 2.202274
 26600.000000 1.706722
 26700.000000 1.377934
 26800.000000 1.668764
 26900.000000 1.680235
 27000.000000 2.249931
 27100.000000 2.199249
 27200.000000 1.770176
 27300.000000 1.742207
 27400.000000 1.660588
 27500.000000 0.934811
 27600.000000 1.614716
 27700.000000 1.751251
 27800.000000 1.489228
 27900.000000 1.551362
 28000.000000 1.400278
 28100.000000 1.576622
 28200.000000 1.327514
 28300.000000 1.480470
 28400.000000 1.505691
 28500.000000 1.428528
 28600.000000 1.299371
 28700.000000 1.440034
 28800.000000 0.670770
 28900.000000 0.751807
 29000.000000 0.686727
 29100.000000 0.564152
 29200.000000 0.708985
 29300.000000 0.670259
 29400.000000 0.537344
 29500.000000 1.210743
 29600.000000 0.778846
 29700.000000 1.419811
 29800.000000 1.514117
 29900.000000 0.522038
 30000.000000 0.632061
 30100.000000 0.746663
 30200.000000 1.964791
 30300.000000 1.442967
 30400.000000 1.729869
 30500.000000 1.861822
 30600.000000 1.934729
 30700.000000 1.944598
 30800.000000 1.320051
 30900.000000 1.462508
 31000.000000 2.007306
 31100.000000 2.231329
 31200.000000 2.056534
 31300.000000 1.654364
 31400.000000 1.409550
 31500.000000 2.259243
 31600.000000 1.616093
 31700.000000 1.535848
 31800.000000 1.790738
 31900.000000 1.645864
 32000.000000 1.381408
 32100.000000 2.259306
 32200.000000 0.902943
 32300.000000 1.256389
 32400.000000 1.116134
 32500.000000 0.778967
 32600.000000 0.589136
 32700.000000 1.200436
 32800.000000 1.097291
 32900.000000 1.049596
 33000.000000 1.204834
 33100.000000 1.130877
 33200.000000 1.229371
 33300.000000 1.263636
 33400.000000 1.349475
 33500.000000 1.058559
 33600.000000 1.294784
 33700.000000 0.629058
 33800.000000 1.073850
 33900.000000 0.416843
 34000.000000 0.797874
 34100.000000 0.530097
 34200.000000 0.652869
 34300.000000 1.444485
 34400.000000 2.307369
 34500.000000 2.157063
 34600.000000 1.669147
 34700.000000 2.123736
 34800.000000 1.740960
 34900.000000 1.637052
 35000.000000 1.879809
 35100.000000 1.693377
 35200.000000 2.368770
 35300.000000 2.214280
 35400.000000 2.358907
 35500.000000 1.698043
 35600.000000 1.449012
 35700.000000 1.269885
 35800.000000 2.045350
 35900.000000 1.497254
 36000.000000 1.804683
 36100.000000 0.889914
 36200.000000 1.403696
 36300.000000 1.393753
 36400.000000 1.615373
 36500.000000 1.534042
 36600.000000 1.175937
 36700.000000 1.352686
 36800.000000 1.962705
 36900.000000 0.888089
 37000.000000 0.973660
 37100.000000 0.701999
 37200.000000 0.749626
 37300.000000 0.895750
 37400.000000 0.821436
 37500.000000 0.874518
 37600.000000 0.747381
 37700.000000 0.474399
 37800.000000 0.928357
 37900.000000 0.894238
 38000.000000 0.973776
 38100.000000 0.924742
 38200.000000 0.974868
 38300.000000 0.867310
 38400.000000 1.088258
 38500.000000 0.851700
 38600.000000 0.772349
 38700.000000 0.503543
 38800.000000 0.315987
 38900.000000 1.966947
 39000.000000 1.735071
 39100.000000 1.847847
 39200.000000 2.328225
 39300.000000 1.267774
 39400.000000 1.105339
 39500.000000 1.639255
 39600.000000 1.580876
 39700.000000 1.633390
 39800.000000 1.438905
 39900.000000 1.741967
 40000.000000 1.949407
 40100.000000 1.776731
 40200.000000 2.165741
 40300.000000 1.430616
 40400.000000 1.857583
 40500.000000 1.830589
 40600.000000 1.046024
 40700.000000 1.906399
 40800.000000 1.504959
 40900.000000 1.030666
 41000.000000 1.957983
 41100.000000 2.002208
 41200.000000 2.150635
 41300.000000 2.063411
 41400.000000 0.708107
 41500.000000 2.295843
 41600.000000 2.343063
 41700.000000 2.137472
 41800.000000 1.888674
 41900.000000 2.324042
 42000.000000 2.188498
 42100.000000 0.323615
 42200.000000 0.638036
 42300.000000 0.649111
 42400.000000 0.530019
 42500.000000 0.611374
 42600.000000 0.872247
 42700.000000 1.064861
 42800.000000 0.954459
 42900.000000 1.070015
 43000.000000 1.208358
 43100.000000 1.397053
 43200.000000 1.192814
 43300.000000 1.573264
 43400.000000 1.913447
 43500.000000 1.614585
 43600.000000 2.234809
 43700.000000 2.141920
 43800.000000 1.808057
 43900.000000 1.729523
 44000.000000 1.536403
 44100.000000 1.059800
 44200.000000 1.153263
 44300.000000 1.787649
 44400.000000 1.895932
 44500.000000 1.772445
 44600.000000 1.968081
 44700.000000 1.443208
 44800.000000 1.373911
 44900.000000 1.805995
 45000.000000 1.405197
 45100.000000 1.004600
 45200.000000 1.627389
 45300.000000 1.777307
 45400.000000 1.338952
 45500.000000 1.441693
 45600.000000 1.917481
 45700.000000 1.624564
 45800.000000 1.773456
 45900.000000 2.075247
 46000.000000 1.816292
 46100.000000 1.164545
 46200.000000 0.769968
 46300.000000 1.875380
 46400.000000 1.843886
 46500.000000 1.718074
 46600.000000 1.221373
 46700.000000 1.653252
 46800.000000 1.534414
 46900.000000 1.132870
 47000.000000 2.074936
 47100.000000 1.743805
 47200.000000 1.370752
 47300.000000 2.028009
 47400.000000 1.047822
 47500.000000 1.613107
 47600.000000 1.734853
 47700.000000 1.480112
 47800.000000 2.116586
 47900.000000 1.851145
 48000.000000 1.692310
 48100.000000 1.220456
 48200.000000 1.210056
 48300.000000 0.563602
 48400.000000 1.168365
 48500.000000 0.793705
 48600.000000 1.465485
 48700.000000 1.507122
 48800.000000 0.599246
 48900.000000 0.567077
 49000.000000 1.137545
 49100.000000 0.990602
 49200.000000 0.962055
 49300.000000 1.142237
 49400.000000 1.028616
 49500.000000 1.765702
 49600.000000 0.711002
 49700.000000 1.637220
 49800.000000 1.976075
 49900.000000 2.072622
 50000.000000 1.587714
 50100.000000 1.516813
 50200.000000 1.505630
 50300.000000 1.635502
 50400.000000 1.387119
 50500.000000 1.326029
 50600.000000 1.136985
 50700.000000 2.029991
 50800.000000 1.801635
 50900.000000 1.556443
 51000.000000 1.489069
 51100.000000 1.822415
 51200.000000 1.388384
 51300.000000 1.661357
 51400.000000 0.747339
 51500.000000 1.064351
 51600.000000 0.583170
 51700.000000 0.677749
 51800.000000 0.671790
 51900.000000 1.291836
 52000.000000 1.161591
 52100.000000 0.860137
 52200.000000 1.355355
 52300.000000 1.147439
 52400.000000 1.601028
 52500.000000 1.437815
 52600.000000 1.948159
 52700.000000 1.838576
 52800.000000 1.939153
 52900.000000 1.541185
 53000.000000 1.321864
 53100.000000 1.929530
 53200.000000 0.684718
 53300.000000 1.396180
 53400.000000 1.708848
 53500.000000 1.862062
 53600.000000 1.643868
 53700.000000 2.504276
 53800.000000 2.389111
 53900.000000 2.280103
 54000.000000 2.169499
 54100.000000 1.857001
 54200.000000 1.735294
 54300.000000 1.936330
 54400.000000 2.240171
 54500.000000 2.249961
 54600.000000 2.280101
 54700.000000 0.780990
 54800.000000 1.269492
 54900.000000 1.628185
 55000.000000 2.170680
 55100.000000 1.457210
 55200.000000 0.393285
 55300.000000 0.732165
 55400.000000 0.760509
 55500.000000 0.541543
 55600.000000 1.713004
 55700.000000 1.389910
 55800.000000 1.502161
 55900.000000 1.405207
 56000.000000 0.620147
 56100.000000 1.771225
 56200.000000 0.814470
 56300.000000 1.253082
 56400.000000 1.687551
 56500.000000 0.768295
 56600.000000 1.075828
 56700.000000 1.871814
 56800.000000 1.406187
 56900.000000 1.833639
 57000.000000 1.135908
 57100.000000 0.950510
 57200.000000 1.052003
 57300.000000 1.027544
 57400.000000 1.186725
 57500.000000 1.578829
 57600.000000 1.450390
 57700.000000 1.834605
 57800.000000 1.558690
 57900.000000 1.997599
 58000.000000 1.930896
 58100.000000 1.713463
 58200.000000 1.620096
 58300.000000 1.490059
 58400.000000 1.596351
 58500.000000 2.072479
 58600.000000 2.097874
 58700.000000 1.700277
 58800.000000 1.841188
 58900.000000 1.575015
 59000.000000 1.885639
 59100.000000 1.827425
 59200.000000 1.297068
 59300.000000 1.422489
 59400.000000 1.979662
 59500.000000 1.758515
 59600.000000 0.791729
 59700.000000 1.424352
 59800.000000 1.564743
 59900.000000 0.531615
 60000.000000 1.724612
 60100.000000 1.830035
 60200.000000 1.205571
 60300.000000 1.603961
 60400.000000 1.557266
 60500.000000 1.435848
 60600.000000 1.007659
 60700.000000 1.102148
 60800.000000 1.460574
 60900.000000 1.024638
 61000.000000 0.649509
 61100.000000 0.676993
 61200.000000 1.051759
 61300.000000 0.580477
 61400.000000 1.329138
 61500.000000 1.824281
 61600.000000 1.540855
 61700.000000 1.386748
 61800.000000 0.462262
 61900.000000 0.683387
 62000.000000 0.427590
 62100.000000 0.745418
 62200.000000 0.448157
 62300.000000 1.394276
 62400.000000 0.826043
 62500.000000 1.643671
 62600.000000 1.526113
 62700.000000 0.809259
 62800.000000 1.467444
 62900.000000 1.617872
 63000.000000 1.571583
 63100.000000 1.357501
 63200.000000 1.796260
 63300.000000 1.581568
 63400.000000 2.434394
 63500.000000 1.671714
 63600.000000 1.347390
 63700.000000 1.599662
 63800.000000 1.186813
 63900.000000 1.158257
 64000.000000 1.311226
 64100.000000 1.578013
 64200.000000 2.203029
 64300.000000 2.379700
 64400.000000 2.122450
 64500.000000 2.148649
 64600.000000 2.411612
 64700.000000 1.676505
 64800.000000 1.146804
 64900.000000 0.824539
 65000.000000 2.284064
 65100.000000 1.550460
 65200.000000 1.132441
 65300.000000 1.200434
 65400.000000 1.538551
 65500.000000 1.436629
 65600.000000 1.579726
 65700.000000 1.841743
 65800.000000 1.263689
 65900.000000 1.421227
 66000.000000 1.021581
 66100.000000 0.906904
 66200.000000 1.517444
 66300.000000 1.713710
 66400.000000 0.953573
 66500.000000 1.483034
 66600.000000 1.849426
 66700.000000 0.856291
 66800.000000 1.083746
 66900.000000 0.982454
 67000.000000 1.134771
 67100.000000 1.024748
 67200.000000 1.087577
 67300.000000 1.367588
 67400.000000 1.380555
 67500.000000 1.303234
 67600.000000 1.316908
 67700.000000 0.747013
 67800.000000 0.760175
 67900.000000 1.582291
 68000.000000 1.353856
 68100.000000 1.393919
 68200.000000 1.916623
 68300.000000 1.931263
 68400.000000 1.768460
 68500.000000 1.945581
 68600.000000 1.516043
 68700.000000 0.591451
 68800.000000 0.560423
 68900.000000 1.652095
 69000.000000 1.685436
 69100.000000 1.498253
 69200.000000 1.303981
 69300.000000 1.649564
 69400.000000 1.544579
 69500.000000 1.270491
 69600.000000 1.785112
 69700.000000 1.473421
 69800.000000 1.731748
 69900.000000 2.031109
 70000.000000 1.851997
 70100.000000 1.761255
 70200.000000 1.835054
 70300.000000 0.780480
 70400.000000 0.852982
 70500.000000 0.762682
 70600.000000 1.182646
 70700.000000 1.734015
 70800.000000 1.438240
 70900.000000 2.216209
 71000.000000 2.006044
 71100.000000 2.298038
 71200.000000 1.690235
 71300.000000 1.815241
 71400.000000 1.915285
 71500.000000 1.625860
 71600.000000 1.627855
 71700.000000 1.751884
 71800.000000 1.150625
 71900.000000 1.124741
 72000.000000 1.191647
 72100.000000 1.543567
 72200.000000 1.315393
 72300.000000 1.268632
 72400.000000 1.111110
 72500.000000 1.965769
 72600.000000 1.303892
 72700.000000 1.294269
 72800.000000 1.921266
 72900.000000 1.649350
 73000.000000 0.741867
 73100.000000 0.506150
 73200.000000 0.421931
 73300.000000 0.288385
 73400.000000 0.449252
 73500.000000 0.565060
 73600.000000 1.147534
 73700.000000 1.556643
 73800.000000 0.560236
 73900.000000 0.690361
 74000.000000 1.271462
 74100.000000 1.053470
 74200.000000 0.990531
 74300.000000 1.161856
 74400.000000 1.745036
 74500.000000 0.678757
 74600.000000 1.514371
 74700.000000 1.241487
 74800.000000 1.490241
 74900.000000 0.917250
 75000.000000 1.655482
 75100.000000 0.477669
 75200.000000 0.892257
 75300.000000 2.053848
 75400.000000 2.234701
 75500.000000 1.769968
 75600.000000 1.996348
 75700.000000 0.680940
 75800.000000 1.492445
 75900.000000 1.005046
 76000.000000 2.199043
 76100.000000 2.364702
 76200.000000 2.243081
 76300.000000 1.848825
 76400.000000 1.943800
 76500.000000 1.740293
 76600.000000 1.541645
 76700.000000 1.659358
 76800.000000 1.360662
 76900.000000 1.662757
 77000.000000 1.892213
 77100.000000 2.066901
 77200.000000 2.046547
 77300.000000 1.854194
 77400.000000 1.848857
 77500.000000 2.227799
 77600.000000 1.757917
 77700.000000 0.677271
 77800.000000 1.891307
 77900.000000 1.152708
 78000.000000 1.635984
 78100.000000 1.892523
 78200.000000 2.315793
 78300.000000 2.414838
 78400.000000 1.676165
 78500.000000 1.254651
 78600.000000 2.253637
 78700.000000 1.924661
 78800.000000 2.190172
 78900.000000 2.285090
 79000.000000 1.970392
 79100.000000 1.669043
 79200.000000 2.259164
 79300.000000 1.485196
 79400.000000 1.115164
 79500.000000 1.410189
 79600.000000 1.228723
 79700.000000 1.444376
 79800.000000 1.783609
 79900.000000 1.361312
 80000.000000 1.268486
 80100.000000 1.729334
 80200.000000 1.994508
 80300.000000 1.441774
 80400.000000 2.535907
 80500.000000 1.929884
 80600.000000 1.973004
 80700.000000 1.336943
 80800.000000 1.000960
 80900.000000 2.040139
 81000.000000 1.686295
 81100.000000 0.980253
 81200.000000 0.967653
 81300.000000 0.799872
 81400.000000 0.574609
 81500.000000 0.337717
 81600.000000 0.604406
 81700.000000 1.516859
 81800.000000 1.771467
 81900.000000 1.810366
 82000.000000 1.595092
 82100.000000 1.184265
 82200.000000 1.114596
 82300.000000 1.025046
 82400.000000 1.261173
 82500.000000 0.677233
 82600.000000 0.890981
 82700.000000 0.775539
 82800.000000 1.753168
 82900.000000 2.330357
 83000.000000 2.152298
 83100.000000 2.313199
 83200.000000 1.623073
 83300.000000 1.831298
 83400.000000 2.081378
 83500.000000 1.087753
 83600.000000 1.887175
 83700.000000 1.298835
 83800.000000 1.413206
 83900.000000 1.863005
 84000.000000 2.015384
 84100.000000 1.749746
 84200.000000 1.096060
 84300.000000 1.614571
 84400.000000 1.771148
 84500.000000 1.416853
 84600.000000 2.016359
 84700.000000 2.288211
 84800.000000 1.379136
 84900.000000 1.986121
 85000.000000 1.915085
 85100.000000 1.928891
 85200.000000 1.733024
 85300.000000 1.267497
 85400.000000 1.855101
 85500.000000 2.062775
 85600.000000 2.123239
 85700.000000 0.946663
 85800.000000 1.228795
 85900.000000 2.023395
 86000.000000 1.691240
 86100.000000 1.895685
 86200.000000 1.594600
 86300.000000 0.682736
 86400.000000 0.827469
 86500.000000 0.943087
 86600.000000 1.203925
 86700.000000 1.303029
 86800.000000 2.095037
 86900.000000 1.498538
 87000.000000 1.643025
 87100.000000 1.497518
 87200.000000 1.853162
 87300.000000 1.568489
 87400.000000 1.833037
 87500.000000 1.664967
 87600.000000 1.561172
 87700.000000 2.041244
 87800.000000 1.648080
 87900.000000 0.837773
 88000.000000 1.213803
 88100.000000 0.564789
 88200.000000 0.995936
 88300.000000 2.068656
 88400.000000 1.514448
 88500.000000 1.217825
 88600.000000 1.831059
 88700.000000 1.638546
 88800.000000 2.199157
 88900.000000 2.120666
 89000.000000 2.396994
 89100.000000 1.992357
 89200.000000 1.769057
 89300.000000 1.313720
 89400.000000 1.242595
 89500.000000 0.756193
 89600.000000 0.971411
 89700.000000 1.095482
 89800.000000 1.132460
 89900.000000 0.911285
 90000.000000 1.055144
 90100.000000 1.173013
 90200.000000 1.173512
 90300.000000 0.714956
 90400.000000 1.210437
 90500.000000 1.177450
 90600.000000 0.741940
 90700.000000 1.072751
 90800.000000 0.776564
 90900.000000 0.943372
 91000.000000 0.857721
 91100.000000 1.068707
 91200.000000 1.001017
 91300.000000 1.249083
 91400.000000 1.065488
 91500.000000 1.097494
 91600.000000 1.085960
 91700.000000 1.173578
 91800.000000 1.283629
 91900.000000 1.190953
 92000.000000 1.257606
 92100.000000 1.318123
 92200.000000 1.377979
 92300.000000 0.702756
 92400.000000 1.205857
 92500.000000 1.139026
 92600.000000 0.891752
 92700.000000 0.833666
 92800.000000 1.061090
 92900.000000 0.862455
 93000.000000 1.363987
 93100.000000 1.272121
 93200.000000 1.245344
 93300.000000 1.217259
 93400.000000 1.520152
 93500.000000 2.009844
 93600.000000 1.761821
 93700.000000 0.953166
 93800.000000 0.786645
 93900.000000 0.700409
 94000.000000 1.524681
 94100.000000 1.745041
 94200.000000 2.075959
 94300.000000 1.635682
 94400.000000 1.871564
 94500.000000 1.915130
 94600.000000 2.055682
 94700.000000 2.065319
 94800.000000 0.700535
 94900.000000 0.538095
 95000.000000 1.195451
 95100.000000 1.868261
 95200.000000 1.987517
 95300.000000 1.649972
 95400.000000 1.733579
 95500.000000 2.285701
 95600.000000 1.522159
 95700.000000 1.055914
 95800.000000 1.816833
 95900.000000 2.176263
 96000.000000 2.343644
 96100.000000 2.209246
 96200.000000 1.577223
 96300.000000 1.737016
 96400.000000 2.215951
 96500.000000 0.981844
 96600.000000 1.723233
 96700.000000 1.849623
 96800.000000 1.324057
 96900.000000 1.617078
 97000.000000 1.744597
 97100.000000 1.379656
 97200.000000 1.825186
 97300.000000 1.621115
 97400.000000 1.807792
 97500.000000 1.511792
 97600.000000 1.861478
 97700.000000 0.611792
 97800.000000 1.105209
 97900.000000 1.108405
 98000.000000 0.776697
 98100.000000 1.539612
 98200.000000 1.847600
 98300.000000 1.428720
 98400.000000 1.827474
 98500.000000 1.812553
 98600.000000 1.401177
 98700.000000 1.853838
 98800.000000 2.308431
 98900.000000 1.644381
 99000.000000 1.470012
 99100.000000 1.324752
 99200.000000 1.535414
 99300.000000 1.764046
 99400.000000 1.950427
 99500.000000 1.749262
 99600.000000 1.053703
 99700.000000 0.928541
 99800.000000 0.485683
 99900.000000 0.505413
 100000.000000 0.520697
